1.233844664812396786e+03 4.691580169204860908e+02 6.104922773405351109e+02 4.017615691730639149e+00 4.008918030641232200e+00
1.202908428502111974e+03 4.694996344628370366e+02 6.104699876793333715e+02 4.090141074382559694e+00 4.091074086285695799e+00
1.426100939562234771e+03 4.714621361197364990e+02 6.118401915660548411e+02 3.963834859353130291e+00 3.815026521477848043e+00
1.272079340995148641e+03 4.700534098970850891e+02 6.106362459559862828e+02 4.090510139679030210e+00 4.145234501985388675e+00
1.196177425088205382e+03 4.698045165147775606e+02 6.108840336910654969e+02 4.241755294157239398e+00 4.261756037753820614e+00
1.243909117826111469e+03 4.697452108097883752e+02 6.108711912088907638e+02 4.136654843865763098e+00 4.172283530634415705e+00
1.325696773288735585e+03 4.697832935077146317e+02 6.109964637304767621e+02 4.051691514373943370e+00 4.088311355497757482e+00
1.291589887189451701e+03 4.698829268962773540e+02 6.109425025373479912e+02 4.089113218130103533e+00 4.072071171284559199e+00
1.331289756008178983e+03 4.698143266026885385e+02 6.109562721791886588e+02 4.024779218470712294e+00 3.985492235977311726e+00
1.092839303183214270e+03 4.700170022713945741e+02 6.108467235566226918e+02 4.431089457930938558e+00 4.434152790934952293e+00
1.129905586359986273e+03 4.699526944689078505e+02 6.108914841004510663e+02 4.330195986468631908e+00 4.454672831521164333e+00
1.194165981358507906e+03 4.698633763392780338e+02 6.109257968418141900e+02 4.255882741672237124e+00 4.309911850894283525e+00
1.233715020573858965e+03 4.698502741615420177e+02 6.108792066717620628e+02 4.231160411433440238e+00 4.268052252321164808e+00
1.279835536095141606e+03 4.699871434114691056e+02 6.108877450960609394e+02 4.173599978053968762e+00 4.193446496886283903e+00
1.159507207573140477e+03 4.699148366603594695e+02 6.108585950108165434e+02 4.331877303744445129e+00 4.356519355068779298e+00
1.138682299028798525e+03 4.700261890958231561e+02 6.107727916551060616e+02 4.307568651674591464e+00 4.430023157586550298e+00
1.091788738762749517e+03 4.700585059815139743e+02 6.108173198306948279e+02 4.407192814267966163e+00 4.559848908782589305e+00
1.197826672872108247e+03 4.700703575332034347e+02 6.109469580223732237e+02 4.257220212505050227e+00 4.284714992436903458e+00
1.045173115641935738e+03 4.701096937014812625e+02 6.108435853487977738e+02 4.505903781645002937e+00 4.624476992343018011e+00
1.281903842998363871e+03 4.701911315657517321e+02 6.108231806457237099e+02 4.139929086195506258e+00 4.146518713910713139e+00
1.313727945520686717e+03 4.700992889886838952e+02 6.108617345311665758e+02 4.061253897643207544e+00 4.060974884813417063e+00
1.150745292447880502e+03 4.701472879348166884e+02 6.108079012815369424e+02 4.305523748118652350e+00 4.366578005317674815e+00
1.111252589006388462e+03 4.702164020363043733e+02 6.108456762944427965e+02 4.429898715640856466e+00 4.427620090460837154e+00
1.227178229726925338e+03 4.702623319151395549e+02 6.107968579672723308e+02 4.181991983248484424e+00 4.190141318299977158e+00
9.448728326311630781e+02 4.700973773806608733e+02 6.107515378801751922e+02 4.671824353299474986e+00 4.554122459539421186e+00
1.231738273105970393e+03 4.701267768835801917e+02 6.105974440598154160e+02 4.201496026167456321e+00 4.110606387501327674e+00
1.312357569705261540e+03 4.700517877215380622e+02 6.105695585178052625e+02 4.119778984708931446e+00 4.033893585335764698e+00
1.230286044435005124e+03 4.700048148288630614e+02 6.106383404416208123e+02 4.184902318277603506e+00 4.077588923516043629e+00
1.207149684022629799e+03 4.700695061731932469e+02 6.105931923051876993e+02 4.259828293221326945e+00 4.165138856218399965e+00
1.370520667859208743e+03 4.700419656984319090e+02 6.106955788028172947e+02 4.018256559671326222e+00 3.885244617530389188e+00
1.373235107113785261e+03 4.699796686612737631e+02 6.107431492856427440e+02 3.997787879298990266e+00 3.981321248463502105e+00
1.544096531213652042e+03 4.701130464128204380e+02 6.106952415347849410e+02 3.823849858127046808e+00 3.684077141354612728e+00
1.424904865375647660e+03 4.701283882981341549e+02 6.106453381215302443e+02 3.933012928959604526e+00 3.771282770078317803e+00
1.277200231084381585e+03 4.701479901733230236e+02 6.106400939403608845e+02 4.173119333660840979e+00 4.019452848434291958e+00
1.346727479073992299e+03 4.701226459979243941e+02 6.107799966669603009e+02 4.065337642254605477e+00 3.920205272141588093e+00
1.363611367723644435e+03 4.703268772414354544e+02 6.107185162384440673e+02 4.019377539934746224e+00 3.900965792274339261e+00
1.399691096784226602e+03 4.702239474174164684e+02 6.106377428027105907e+02 4.026816293633973309e+00 3.852525868269836451e+00
1.360100823943399291e+03 4.702866187423663860e+02 6.107290997684582408e+02 4.054136897515872029e+00 3.893748819203774580e+00
9.217792228531207002e+02 4.702609464866756070e+02 6.107466029332223343e+02 4.740717611866033465e+00 4.582793757749322516e+00
1.118674679839422652e+03 4.703780102494540643e+02 6.107284828672239883e+02 4.463629649104086994e+00 4.327690785717814848e+00
1.239990050691955048e+03 4.704489535530762510e+02 6.106110054547598338e+02 4.249711356433534704e+00 4.114519064411100935e+00
1.161332623512748341e+03 4.703985109886623945e+02 6.106342962094531686e+02 4.430473685036651510e+00 4.324500471074862240e+00
