1.728432473704575614e+02 4.709616036033278306e+02 6.110083984834793682e+02 4.247987312918453107e+00 4.058770935173499517e+00
7.504941241330482171e+02 4.698209087577561149e+02 6.110879119359946117e+02 4.513949475915195464e+00 4.479584104359195962e+00
7.936388548211690477e+02 4.700448340063000501e+02 6.110340918163147990e+02 4.503537706384069139e+00 4.410122768803916848e+00
8.029530300366100164e+02 4.700850880044367273e+02 6.110480938505165796e+02 4.430201613744468858e+00 4.362166613929827186e+00
7.886027502674461402e+02 4.700609244402084528e+02 6.110006882948605380e+02 4.430748563029579756e+00 4.368669472690813294e+00
8.505146754663602451e+02 4.700803971184065517e+02 6.109437597641053799e+02 4.307120022504268952e+00 4.188347077663411078e+00
8.602328346089192337e+02 4.701644773418645400e+02 6.109766367461320442e+02 4.337605595031785555e+00 4.247733554097857578e+00
9.083712752040311216e+02 4.701741035237943720e+02 6.109647416414950385e+02 4.190440377811722072e+00 4.135502760678469336e+00
9.452241024450181612e+02 4.701752140932850352e+02 6.111269090799811465e+02 4.106469101217483875e+00 3.976759565299942345e+00
8.175878642392236770e+02 4.701281001216169670e+02 6.109301975944773631e+02 4.361913378621218307e+00 4.346788610122579222e+00
8.773709668083012048e+02 4.702010089815233869e+02 6.110079200964589745e+02 4.258454618491666288e+00 4.155221215908542653e+00
8.696578882793876346e+02 4.703910178932477493e+02 6.108934876598682422e+02 4.286993829925655142e+00 4.224173143238903805e+00
8.425329602033398260e+02 4.703381486834416023e+02 6.109179451038039588e+02 4.376282994375269020e+00 4.305070527878848807e+00
8.329690789999880280e+02 4.702999615929163610e+02 6.109963870135999287e+02 4.403193887908765092e+00 4.362942403235263278e+00
8.590379360543853409e+02 4.704388612052129588e+02 6.109796345928299388e+02 4.310405303768380492e+00 4.230853593560507164e+00
9.425275101109950810e+02 4.704845072143681932e+02 6.109739509422854553e+02 4.145102078765297016e+00 3.999200254822125267e+00
9.915023425177488434e+02 4.705877189562610283e+02 6.109651949747228628e+02 4.029372941017592247e+00 3.875006006750317145e+00
1.013911424916013289e+03 4.705829681803458584e+02 6.110909440474105168e+02 4.003190286813042675e+00 3.786834731601750104e+00
1.009525431331787786e+03 4.707383988007695734e+02 6.110510915088422053e+02 4.011590848949886379e+00 3.802618800833564183e+00
8.585013885978091821e+02 4.705742506076751965e+02 6.108830650530567254e+02 4.331827042457638832e+00 4.280925410145869137e+00
9.087561693960379898e+02 4.707849324281764893e+02 6.108535404741556931e+02 4.188064069722652327e+00 4.019014215967777304e+00
1.002885280729911074e+03 4.708468055829193304e+02 6.110538579003705308e+02 4.022091345204308332e+00 3.805654376010042750e+00
1.002399925521201794e+03 4.708220223636687365e+02 6.110691495031702516e+02 4.039474658944381957e+00 3.794950371033680270e+00
9.345761469774334955e+02 4.708377923397960672e+02 6.110030753687229890e+02 4.174273131437082007e+00 3.974913295211139008e+00
8.585667512713247334e+02 4.709022993460410476e+02 6.108913436124490772e+02 4.304867819053268541e+00 4.129776990874739262e+00
8.634537399794478461e+02 4.709599132333344187e+02 6.109027661316491731e+02 4.316739209880254613e+00 4.161267720331360387e+00
7.684959099422122790e+02 4.709259961503783529e+02 6.107084495833427127e+02 4.559283340725649225e+00 4.341759142923156567e+00
8.211570759260396244e+02 4.700509060628231168e+02 6.107411905751357608e+02 4.300117101771921746e+00 4.281842274685737415e+00
