8.383390000000002118e+00
9.002190000000002357e+00
1.136981999999999360e+01
1.188158000000000314e+01
1.222085000000000932e+01
1.249155000000000015e+01
1.276356999999999786e+01
1.303485999999999834e+01
1.330614999999999881e+01
1.357853000000000421e+01
1.384889000000000081e+01
1.411873999999999896e+01
1.438832000000000377e+01
1.465634000000000370e+01
1.492370000000000019e+01
1.519261999999999446e+01
1.545970000000000155e+01
1.574894000000000105e+01
1.601421999999999812e+01
1.627929000000000670e+01
1.654465999999999681e+01
1.680873000000000062e+01
1.707226999999999961e+01
1.733532000000000650e+01
1.775675000000000026e+01
1.801873000000000147e+01
1.828051000000000315e+01
1.853918000000000532e+01
1.879990000000000450e+01
1.905864000000000047e+01
1.931863999999999848e+01
1.957648000000000010e+01
1.983446000000000353e+01
2.009330999999999889e+01
2.034872000000000369e+01
2.060350999999998933e+01
2.085751000000000843e+01
2.111200999999999439e+01
2.136769999999999570e+01
2.162453000000000358e+01
2.207249000000000549e+01
2.232579000000000846e+01
