2.445840999999999710e+01
2.488886999999999361e+01
2.515375999999999479e+01
2.536946000000000012e+01
2.557608999999999710e+01
2.578646000000000171e+01
2.599566000000000443e+01
2.620386000000000237e+01
2.641469000000000378e+01
2.662391999999999470e+01
2.683085999999999771e+01
2.703559999999999874e+01
2.724484999999998891e+01
2.745105000000000572e+01
2.765589000000000297e+01
2.786029999999999873e+01
2.806408999999998954e+01
2.826947999999999794e+01
2.847178999999999505e+01
2.867300999999999433e+01
2.887521999999999522e+01
2.907607999999999393e+01
2.927610000000000312e+01
2.949108000000000729e+01
2.969124000000001118e+01
2.989148000000000494e+01
3.008790999999999727e+01
3.033526999999999774e+01
